0.436423788596727
0.233221468785515
0.434825928365203
0.353293789100737
0.177507558105827
0.288948346363473
0.387072191948417
0.0415682652130692
0.313800246145073
0.282849285606877
0.165909475613827
0.114344202688215
0.189430113559408
0.218300824675342
0.099781688706156
0.290937209203418
0.284866788036398
0.115745093556727
0.17314444507215
0.199638484254397
0.0282880482715446
0.290425233718328
0.350686391302224
0.443340655046322
0.125953885541588
0.210859631846066
0.139017060313265
0.200423553870879
0.200217832799073
0.116566367029734
0.0303317912499439
0.00432645977352206
0.226423023524597
0.106625475628006
0.411301147284667
0.107893974019529
0.295095144697947
0.158043297098251
0.250067565882949
0.347697002708411
0.147917733083085
0.427268766908214
0.364168037490058
0.190172470255473
0.245390266399432
0.304144870157849
0.298678939565314
0.376776171093697
0.270885633461599
0.230378660328815
0.375236645452632
0.393605983869396
0.085015289168324
0.170977746260005
0.351471811820059
0.145998554878399
0.329748676983291
0.438698872818881
0.227339903559149
0.413861525759761
0.149931286050208
0.186648638077538
0.288564031913996
0.197233879115339
0.252517494356933
0.161583015840305
0.335134778663618
0.0828046379314019
0.254213276890675
0.439101314186627
0.443055664005471
0.126823490938147
0.312891127173778
0.272661041863739
0.0517207511713116
0.0482328808633311
0.37347079572827
0.160513921046751
0.19795038864689
0.269022614883739
0.359394291780752
0.209454488719569
0.37675151990928
0.417052771970258
0.188543321077103
0.0839394068805476
0.366524770105198
0.0554452772645918
0.202367263307947
0.265302592406268
0.225358896536238
0.303609871379066
0.377916993039102
0.283419639623188
0.197765716658203
0.408482694505547
0.138704734994217
0.166934158374719
0.38486857539854
0.0838072505591276
0.416223690994231
0.215874301633912
0.122562894203022
0.278997918774972
0.234536595823344
0.248413154514485
0.0807148566956185
0.259567846804585
0.119256995088694
0.303238930956728
0.219741358650129
0.16923475593654
0.240748484171991
0.405530888175409
0.0544672339790087
0.387690396830639
0.257110717668258
0.318724859443738
0.00869055803823624
0.168578087476385
0.242271845235107
0.279689501399026
0.327650974123455
0.436124283984406
0.213742417650389
0.139445792626405
0.196120097399045
0.0294714875505896
0.0748953252055363
0.0904516561657641
0.356741745369114
0.206536637353552
0.222858945148212
0.114143138087762
0.300012523389509
0.14351999014684
0.0868915945165465
0.097753601134308
0.182516176146914
0.387343766062618
