0.141771951154934
0.409725859912332
0.341352339031612
0.153738397807559
0.0978833114105001
0.565302605106797
0.131037457448228
0.441534556485307
0.0600218765353201
0.622278268697861
0.438927464515756
0.400466977629827
0.198595099178688
0.599198580747539
0.0974610004808475
0.282476996628711
0.608212551411466
0.368267826691081
0.312478641926022
0.11574932080098
0.577306123801908
0.510264089664123
0.0126028384155026
0.0994019922799963
0.492918338180123
0.526803210497193
0.48769212733381
0.602735150286663
0.198684124856859
0.57626089553352
0.585471333562184
0.396147398913432
0.506697267757399
0.185793166368737
0.26684354900081
0.26966325278742
0.130768210463613
0.460472203744546
0.327796694904893
0.581884171907371
0.609402497798886
0.371254103010038
0.247954119222668
0.26097062086901
0.585622309136405
0.334803694387017
0.519471639432654
0.0748438803344244
0.00908039210617738
0.172288460701535
0.59201875068886
0.286237671239883
0.520749357179911
0.562154696367194
0.382205689504327
0.263963393490812
0.397123021496829
0.241950346751615
0.293275591627436
0.203535632913307
0.0776104777729863
0.160757839161564
0.242850431628448
0.1162165130018
0.0368069351356773
0.0427800656023247
0.526225241872428
0.012801932809951
0.332355031746729
0.460253279693427
0.151708786165098
0.14774034766692
0.0404711317861876
0.363050002018651
0.138802355002094
0.20605202079187
0.262309970441455
0.384087749546493
0.146235215143591
0.158114643793106
0.0073315710645391
0.412848246999386
0.593654758180486
0.0263956641553237
0.616697676844661
0.299233662322301
0.50785357373352
0.576998103390205
0.43604300886441
0.00288015550999858
0.504995763290592
0.521273395711997
0.16719661211711
0.124261061991587
0.504273694134384
0.448644658637322
0.128403671381591
0.131737606220868
0.224163685733332
0.54284224353408
0.441033984514589
0.506669706622703
0.374944380587696
0.18128264441275
0.0205796745364374
0.44427840302194
0.245766539453695
0.15769935516126
0.4233523413651
0.176153668712457
0.00165342304935686
0.0130352719503358
0.095715131608024
0.13516094783433
0.196204061848768
0.2972177627736
0.199558612981078
0.216454767473124
0.131974368157139
0.370028804813376
0.167382023868804
0.581682670482224
0.209214455945541
0.32947487623673
0.587713048402836
0.2628909224531
0.61299926754981
0.548665601794601
0.491231839884267
0.322613228364772
0.0776483494102789
0.130572364220587
0.159924063813161
0.235848503609511
0.349536191278517
0.133117396441836
0.0379038664116902
0.412372113767736
0.00581598961888628
0.172419273822721
